55000.0
5.71881 2.84513 180.14080
5.71881 2.84513 0.14080
5.71893 0.00000 180.00000
5.71893 0.00000 0.00000
5.71881 -2.84513 179.85920
5.71881 -2.84513 -0.14080
2.85934 5.71174 90.14400
2.85934 5.71174 270.14400
2.85942 2.85586 180.07160
2.85942 2.85586 0.07160
2.85945 0.00000 180.00000
2.85945 0.00000 0.00000
2.85942 -2.85587 269.92900
2.85942 -2.85587 89.92900
2.85934 -5.71174 269.85600
2.85934 -5.71174 89.85600
0.00000 5.71893 90.00000
0.00000 5.71893 270.00000
0.00000 2.85945 90.00000
0.00000 2.85945 270.00000
0.00000 0.00000 90.00000
0.00000 0.00000 270.00000
0.00000 -2.85945 270.00000
0.00000 -2.85945 90.00000
0.00000 -5.71893 270.00000
0.00000 -5.71893 90.00000
-2.85934 5.71174 89.85600
-2.85934 5.71174 269.85600
-2.85942 2.85587 89.92900
-2.85942 2.85587 269.92900
-2.85945 0.00000 0.00000
-2.85945 0.00000 180.00000
-2.85942 -2.85586 0.07160
-2.85942 -2.85586 180.07160
-2.85934 -5.71174 270.14400
-2.85934 -5.71174 90.14400
-5.71881 2.84513 -0.14080
-5.71881 2.84513 179.85920
-5.71893 0.00000 0.00000
-5.71893 0.00000 180.00000
-5.71881 -2.84513 0.14080
-5.71881 -2.84513 180.14080
0.00000 38.884 0.0
0.00000 38.884 0.0
0.00000 38.884 0.0
0.00000 38.884 0.0
0.00000 38.884 0.0
0.00000 38.884 0.0
0.00000 38.884 0.0
0.00000 38.884 0.0
0.00000 38.884 0.0
0.00000 38.884 0.0
0.00000 38.884 0.0
0.00000 38.884 0.0
0.00000 38.884 0.0
0.00000 38.884 0.0
0.00000 38.884 0.0
0.00000 38.884 0.0
0.00000 38.884 0.0
0.00000 38.884 0.0
0.00000 38.884 0.0
0.00000 38.884 0.0
0.00000 38.884 0.0
0.00000 38.884 0.0
0.00000 38.884 0.0
0.00000 38.884 0.0
0.00000 38.884 0.0
0.00000 38.884 0.0
0.00000 38.884 0.0
0.00000 38.884 0.0
0.00000 38.884 0.0
0.00000 38.884 0.0
0.00000 38.884 0.0
0.00000 38.884 0.0
0.00000 38.884 0.0
0.00000 38.884 0.0
0.00000 38.884 0.0
0.00000 38.884 0.0
0.00000 38.884 0.0
0.00000 38.884 0.0
0.00000 38.884 0.0
0.00000 38.884 0.0
0.00000 38.884 0.0
0.00000 38.884 0.0
