2 1 1.0 .99 .98
2 2 1.0 .99 .98
2 3 1.0 .99 .98
2 4 1.0 .99 .98
3 1 1.0 .99 .98
3 2 1.0 .99 .98
3 3 1.0 .99 .98
3 4 1.0 .99 .98
4 1 1.0 .99 .98
4 2 1.0 .99 .98
4 3 1.0 .99 .98
4 4 1.0 .99 .98
6 1 1.0 .99 .98
6 2 1.0 .99 .98
6 3 1.0 .99 .98
6 4 1.0 .99 .98
7 1 1.0 .99 .98
7 2 1.0 .99 .98
7 3 1.0 .99 .98
7 4 1.0 .99 .98
8 1 1.0 .99 .98
8 2 1.0 .99 .98
8 3 1.0 .99 .98
8 4 1.0 .99 .98
9 1 1.0 .99 .98
9 2 1.0 .99 .98
9 3 1.0 .99 .98
9 4 1.0 .99 .98
10 1 1.0 .99 .98
10 2 1.0 .99 .98
10 3 1.0 .99 .98
10 4 1.0 .99 .98
11 1 1.0 .99 .98
11 2 1.0 .99 .98
11 3 1.0 .99 .98
11 4 1.0 .99 .98
12 1 1.0 .99 .98
12 2 1.0 .99 .98
12 3 1.0 .99 .98
12 4 1.0 .99 .98
13 1 1.0 .99 .98
13 2 1.0 .99 .98
13 3 1.0 .99 .98
13 4 1.0 .99 .98
14 1 1.0 .99 .98
14 2 1.0 .99 .98
14 3 1.0 .99 .98
14 4 1.0 .99 .98
15 1 1.0 .99 .98
15 2 1.0 .99 .98
15 3 1.0 .99 .98
15 4 1.0 .99 .98
16 1 1.0 .99 .98
16 2 1.0 .99 .98
16 3 1.0 .99 .98
16 4 1.0 .99 .98
17 1 1.0 .99 .98
17 2 1.0 .99 .98
17 3 1.0 .99 .98
17 4 1.0 .99 .98
18 1 1.0 .99 .98
18 2 1.0 .99 .98
18 3 1.0 .99 .98
18 4 1.0 .99 .98
19 1 1.0 .99 .98
19 2 1.0 .99 .98
19 3 1.0 .99 .98
19 4 1.0 .99 .98
20 1 1.0 .99 .98
20 2 1.0 .99 .98
20 3 1.0 .99 .98
20 4 1.0 .99 .98
22 1 1.0 .99 .98
22 2 1.0 .99 .98
22 3 1.0 .99 .98
22 4 1.0 .99 .98
23 1 1.0 .99 .98
23 2 1.0 .99 .98
23 3 1.0 .99 .98
23 4 1.0 .99 .98
24 1 1.0 .99 .98
24 2 1.0 .99 .98
24 3 1.0 .99 .98
24 4 1.0 .99 .98
