-1 00000000 00000000 31 11001101 01111010 
0 00000001 01111011 32 00011101 10011110 
1 00000010 10101111 33 00111010 00111111 
2 00000100 10011001 34 01110100 00011100 
3 00001000 11111010 35 11101000 01110100 
4 00010000 10000110 36 01010111 00100100 
5 00100000 11101100 37 10101110 10101101 
6 01000000 11101111 38 11011011 11001010 
7 10000000 10001101 39 00110001 00010001 
8 10000111 11000000 40 01100010 10101100 
9 10001001 00001100 41 11000100 11111011 
10 10010101 11101001 42 00001111 10110111 
11 10101101 01111001 43 00011110 01001010 
12 11011101 11111100 44 00111100 00001001 
13 00111101 01110010 45 01111000 01111111 
14 01111010 11010000 46 11110000 00001000 
15 11110100 10010001 47 01100111 01001110 
16 01101111 10110100 48 11001110 10101110 
17 11011110 00101000 49 00011011 10101000 
18 00111011 01000100 50 00110110 01011100 
19 01110110 10110011 51 01101100 01100000 
20 11101100 11101101 52 11011000 00011110 
21 01011111 11011110 53 00110111 00100111 
22 10111110 00101011 54 01101110 11001111 
23 11111011 00100110 55 11011100 10000111 
24 01110001 11111110 56 00111111 11011101 
25 11100010 00100001 57 01111110 01001001 
26 01000011 00111011 58 11111100 01101011 
27 10000110 10111011 59 01111111 00110010 
28 10001011 10100011 60 11111110 11000100 
29 10010001 01110000 61 01111011 10101011 
30 10100101 10000011 62 11110110 00111110 
63 01101011 00101101 95 10111010 10110010 
64 11010110 11010010 96 11110011 11011100 
65 00101011 11000010 97 01100001 01111000 
66 01010110 01011111 98 11000010 11001101 
67 10101100 00000010 99 00000011 11010100 
68 11011111 01010011 100 00000110 00110110 
69 00111001 11101011 101 00001100 01100011 
70 01110010 00101010 102 00011000 01111100 
71 11100100 00010111 103 00110000 01101010 
72 01001111 01011000 104 01100000 00000011 
73 10011110 11000111 105 11000000 01100010 
74 10111011 11001001 106 00000111 01001101 
75 11110001 01110011 107 00001110 11001100 
76 01100101 11100001 108 00011100 11100101 
77 11001010 00110111 109 00111000 10010000 
78 00010011 01010010 110 01110000 10000101 
79 00100110 11011010 111 11100000 10001110 
80 01001100 10001100 112 01000111 10100010 
81 10011000 11110001 113 10001110 01000001 
82 10110111 10101010 114 10011011 00100101 
83 11101001 00001111 115 10110001 10011100 
84 01010101 10001011 116 11100101 01101100 
85 10101010 00110100 117 01001101 11110111 
86 11010011 00110000 118 10011010 01011110 
87 00100001 10010111 119 10110011 00110011 
88 01000010 01000000 120 11100001 11110101 
89 10000100 00010100 121 01000101 00001101 
90 10001111 00111010 122 10001010 11011000 
91 10011001 10001010 123 10010011 11011111 
92 10110101 00000101 124 10100001 00011010 
93 11101101 10010110 125 11000101 10000000 
94 01011101 01110001 126 00001101 00011000 
127 00011010 11010011 159 10000101 01101111 
128 00110100 11110011 160 10001101 10010101 
129 01101000 11111001 161 10011101 00010011 
130 11010000 11100100 162 10111101 11111111 
131 00100111 10100001 163 11111101 00010000 
132 01001110 00100011 164 01111101 10011101 
133 10011100 01101000 165 11111010 01011101 
134 10111111 01010000 166 01110011 01010001 
135 11111001 10001001 167 11100110 10111000 
136 01110101 01100111 168 01001011 11000001 
137 11101010 11011011 169 10010110 00111101 
138 01010011 10111101 170 10101011 01001111 
139 10100110 01010111 171 11010001 10011111 
140 11001011 01001100 172 00100101 00001110 
141 00010001 11111101 173 01001010 10111010 
142 00100010 01000011 174 10010100 10010010 
143 01000100 01110110 175 10101111 11010110 
144 10001000 01110111 176 11011001 01100101 
145 10010111 01000110 177 00110101 10001000 
146 10101001 11100000 178 01101010 01010110 
147 11010101 00000110 179 11010100 01111101 
148 00101101 11110100 180 00101111 01011011 
149 01011010 00111100 181 01011110 10100101 
150 10110100 01111110 182 10111100 10000100 
151 11101111 00111001 183 11111111 10111111 
152 01011001 11101000 184 01111001 00000100 
153 10110010 01001000 185 11110010 10100111 
154 11100011 01011010 186 01100011 11010111 
155 01000001 10010100 187 11000110 01010100 
156 10000010 00100010 188 00001011 00101110 
157 10000011 01011001 189 00010110 10110000 
158 10000001 11110110 190 00101100 10001111 
191 01011000 10010011 223 01100100 10011010 
192 10110000 11100111 224 11001000 10011000 
193 11100111 11000011 225 00010111 11001011 
194 01001001 01101110 226 00101110 00100000 
195 10010010 10100100 227 01011100 00001010 
196 10100011 10110101 228 10111000 00011101 
197 11000001 00011001 229 11110111 01000101 
198 00000101 11100010 230 01101001 10000010 
199 00001010 01010101 231 11010010 01001011 
200 00010100 00011111 232 00100011 00111000 
201 00101000 00010110 233 01000110 11011001 
202 01010000 01101001 234 10001100 11101110 
203 10100000 01100001 235 10011111 10111100 
204 11000111 00101111 236 10111001 01100110 
205 00001001 10000001 237 11110101 11101010 
206 00010010 00101001 238 01101101 00011011 
207 00100100 01110101 239 11011010 10110001 
208 01001000 00010101 240 00110011 10111110 
209 10010000 00001011 241 01100110 00110101 
210 10100111 00101100 242 11001100 00000001 
211 11001001 11100011 243 00011111 00110001 
212 00010101 01100100 244 00111110 10100110 
213 00101010 10111001 245 01111100 11100110 
214 01010100 11110000 246 11111000 11110010 
215 10101000 10011011 247 01110111 11001000 
216 11010111 10101001 248 11101110 01000010 
217 00101001 01101101 249 01011011 01000111 
218 01010010 11000110 250 10110110 11010001 
219 10100100 11111000 251 11101011 10100000 
220 11001111 11010101 252 01010001 00010010 
221 00011001 00000111 253 10100010 11001110 
222 00110010 11000101 254 11000011 10110110

